        0.7545045038        0.7004504504        0.0000000000
        0.7297297297        0.7229729730        0.0000000000
        0.7815315308        0.6531531531        0.0000000000
        0.7567567568        0.6756756757        0.0000000000
        0.7072072065        0.7207207206        0.0000000000
        0.6824324324        0.7432432432        0.0000000000
        0.7837837838        0.6283783784        0.0000000000
        0.7342342335        0.6734234234        0.0000000000
        0.7094594595        0.6959459459        0.0000000000
        0.6599099092        0.7409909909        0.0000000000
        0.6351351351        0.7635135135        0.0000000000
        0.7612612605        0.6261261261        0.0000000000
        0.7364864865        0.6486486486        0.0000000000
        0.6869369362        0.6936936936        0.0000000000
        0.6621621622        0.7162162162        0.0000000000
        0.6126126119        0.7612612612        0.0000000000
        0.5878378378        0.7837837838        0.0000000000
        0.7635135135        0.6013513514        0.0000000000
        0.7139639632        0.6463963963        0.0000000000
        0.6891891892        0.6689189189        0.0000000000
        0.6396396389        0.7139639639        0.0000000000
        0.6148648649        0.7364864865        0.0000000000
        0.5653153146        0.7815315315        0.0000000000
        0.7409909903        0.5990990990        0.0000000000
        0.7162162162        0.6216216216        0.0000000000
        0.6666666659        0.6666666666        0.0000000000
        0.6418918919        0.6891891892        0.0000000000
        0.5923423416        0.7342342342        0.0000000000
        0.5675675676        0.7567567568        0.0000000000
        0.7432432432        0.5743243243        0.0000000000
        0.6936936930        0.6193693693        0.0000000000
        0.6689189189        0.6418918919        0.0000000000
        0.6193693686        0.6869369369        0.0000000000
        0.5945945946        0.7094594595        0.0000000000
        0.5450450443        0.7545045044        0.0000000000
        0.7207207200        0.5720720720        0.0000000000
        0.6959459459        0.5945945946        0.0000000000
        0.6463963957        0.6396396396        0.0000000000
        0.6216216216        0.6621621622        0.0000000000
        0.5720720714        0.7072072071        0.0000000000
        0.5472972973        0.7297297297        0.0000000000
        0.6734234227        0.5923423423        0.0000000000
        0.6486486486        0.6148648649        0.0000000000
        0.5990990984        0.6599099098        0.0000000000
        0.5743243243        0.6824324324        0.0000000000
        0.6261261254        0.6126126125        0.0000000000
        0.6013513514        0.6351351351        0.0000000000
        0.9909909903        0.0990990990        0.0000000000
        0.9662162162        0.1216216216        0.0000000000
        0.9932432432        0.0743243243        0.0000000000
        0.9436936930        0.1193693693        0.0000000000
        0.9707207200        0.0720720720        0.0000000000
        0.9459459459        0.0945945946        0.0000000000
        0.0720720714        0.9572072071        0.0000000000
        0.0472972973        0.9797297297        0.0000000000
        0.9729729730        0.0472972973        0.0000000000
        0.9234234227        0.0923423423        0.0000000000
        0.0743243243        0.9324324324        0.0000000000
        0.0247747741        0.9774774774        0.0000000000
        0.9504504497        0.0450450450        0.0000000000
        0.9256756757        0.0675675676        0.0000000000
        0.0518018011        0.9301801801        0.0000000000
        0.0270270270        0.9527027027        0.0000000000
        0.9527027027        0.0202702703        0.0000000000
        0.9031531524        0.0653153152        0.0000000000
        0.0540540541        0.9054054054        0.0000000000
        0.0045045038        0.9504504504        0.0000000000
        0.9301801795        0.0180180179        0.0000000000
        0.9054054054        0.0405405405        0.0000000000
        0.0315315308        0.9031531531        0.0000000000
        0.0067567568        0.9256756757        0.0000000000
        0.3963963957        0.3896396396        0.0000000000
        0.3716216216        0.4121621622        0.0000000000
        0.4234234227        0.3423423423        0.0000000000
        0.3986486486        0.3648648649        0.0000000000
        0.3490990984        0.4099099098        0.0000000000
        0.3243243243        0.4324324324        0.0000000000
        0.4504504497        0.2950450450        0.0000000000
        0.4256756757        0.3175675676        0.0000000000
        0.3761261254        0.3626126125        0.0000000000
        0.3513513514        0.3851351351        0.0000000000
        0.3018018011        0.4301801801        0.0000000000
        0.2770270270        0.4527027027        0.0000000000
        0.4527027027        0.2702702703        0.0000000000
        0.4031531524        0.3153153152        0.0000000000
        0.3783783784        0.3378378378        0.0000000000
        0.3288288281        0.3828828828        0.0000000000
        0.3040540541        0.4054054054        0.0000000000
        0.2545045038        0.4504504504        0.0000000000
        0.4301801795        0.2680180179        0.0000000000
        0.4054054054        0.2905405405        0.0000000000
        0.3558558551        0.3355855855        0.0000000000
        0.3310810811        0.3581081081        0.0000000000
        0.2815315308        0.4031531531        0.0000000000
        0.2567567568        0.4256756757        0.0000000000
        0.4324324324        0.2432432432        0.0000000000
        0.3828828822        0.2882882882        0.0000000000
        0.3581081081        0.3108108108        0.0000000000
        0.3085585578        0.3558558558        0.0000000000
        0.2837837838        0.3783783784        0.0000000000
        0.2342342335        0.4234234234        0.0000000000
        0.4099099092        0.2409909909        0.0000000000
        0.3851351351        0.2635135135        0.0000000000
        0.3355855849        0.3085585585        0.0000000000
        0.3108108108        0.3310810811        0.0000000000
        0.2612612605        0.3761261261        0.0000000000
        0.2364864865        0.3986486486        0.0000000000
        0.4121621622        0.2162162162        0.0000000000
        0.3626126119        0.2612612612        0.0000000000
        0.3378378378        0.2837837838        0.0000000000
        0.2882882876        0.3288288288        0.0000000000
        0.2635135135        0.3513513514        0.0000000000
        0.2139639632        0.3963963963        0.0000000000
        0.3896396389        0.2139639639        0.0000000000
        0.3648648649        0.2364864865        0.0000000000
        0.3153153146        0.2815315315        0.0000000000
        0.2905405405        0.3040540541        0.0000000000
        0.2409909903        0.3490990990        0.0000000000
        0.2162162162        0.3716216216        0.0000000000
        0.3423423416        0.2342342342        0.0000000000
        0.3175675676        0.2567567568        0.0000000000
        0.2680180173        0.3018018017        0.0000000000
        0.2432432432        0.3243243243        0.0000000000
        0.2950450443        0.2545045044        0.0000000000
        0.2702702703        0.2770270270        0.0000000000
        0.0653153146        0.0315315315        0.0000000000
        0.0405405405        0.0540540541        0.0000000000
        0.0675675676        0.0067567568        0.0000000000
        0.0180180173        0.0518018017        0.0000000000
        0.0450450443        0.0045045044        0.0000000000
        0.0202702703        0.0270270270        0.0000000000
