twist_angle(°)   AA/period_area           AB/period_area
                 0.000638453       0.09077813949470272       0.1971031074978479       
                 0.000915117       0.09060931223022718       0.1968399534186707       
                 0.001341221       0.09065128865678633       0.19697421224881756       
                 0.001905551       0.09029714159254275       0.19624993394664006       
                 0.002965108       0.08959545858439494       0.19494828664167813       
                 0.003741581       0.09059115795567463       0.19698458847304454       
                 0.004256781       0.09071713458983964       0.19718515967180789       
                 0.00650365       0.08891963274999902       0.19272808409412145       
                 0.008047237       0.09045578041579218       0.19680542061345271       
                 0.008500574       0.09048185431230626       0.19655207960089502       
                 0.009082682       0.0901601911048971       0.19596593828325698       
                 0.009152924       0.09079121231957321       0.1970599606639729       
                 0.009664141       0.09073316010634838       0.19687395501979968       
                 0.010349275       0.08992961739861734       0.1950417805079474       
                 0.011118926       0.09086413116500383       0.19673088994547366       
                 0.011627322       0.09037761021739431       0.19610929220328097       
                 0.012656272       0.09053323719474973       0.19677199559784903       
                 0.015535194       0.09063464032622914       0.19689476642580803       
                 0.015996647       0.09048636420759551       0.19647787780629072       
                 0.016715377       0.09038502981102742       0.19624275492056167       
                 0.017434934       0.0906811678143031       0.19698277292054447       
                 0.018244099       0.09063078417852792       0.19691940300471628       
                 0.019266006       0.09062965722795856       0.1967233655656676       
                 0.020116869       0.0895557226959329       0.1958151419587783       
                 0.021328002       0.09035963005773173       0.1959038030308764       
                 0.022068584       0.09028927125182286       0.1963388686617247       
                 0.022595445       0.09046176059784766       0.19642553261227827       
                 0.023117493       0.09051005893066204       0.1965923377893053       
                 0.023546757       0.09055721852788814       0.19697112961765295       
                 0.023863201       0.0906894548534127       0.19703506090264036       
                 0.02567396       0.0904536222065813       0.1964599505450717       
                 0.026262817       0.0903710900839003       0.19624252709307183       
                 0.026864436       0.09042182490889696       0.19626307652667463       
                 0.027814274       0.08999317293128192       0.19544716798406567       
                 0.029484577       0.08929182346813187       0.19481320728321463       
                 0.030488704       0.0905386343450102       0.19658145596525792       
                 0.031128283       0.09059832734914018       0.19514964206010293       
                 0.031907007       0.09049871721290147       0.19648540792474284       
                 0.032737215       0.09080736745493927       0.19698760157155845       
                 0.033205003       0.09007457567713384       0.196232878715415       
                 0.034217106       0.09054214116960689       0.19680574927262381       
                 0.034678933       0.09031656379947779       0.19631999949353685       
                 0.035262346       0.09032015331553467       0.19634584778150338       
                 0.036902865       0.09061260026789675       0.19670655628576217       
                 0.037532692       0.090587214757157       0.19695859378863517       
                 0.038078115       0.0902209131063427       0.19607626003554282       
                 0.038757736       0.09045294135896217       0.19647958116484152       
                 0.046112911       0.08795989785173151       0.19809669963316792       
                 0.046622017       0.09076886310795364       0.197036501499797       
                 0.04722644       0.09056194201204629       0.19680565415244852       
                 0.047930663       0.09010635183856135       0.19579493894212072       
                 0.048756995       0.09053407403277353       0.1965932991662155       
                 0.049032727       0.09068415620074159       0.19694366801750254       
                 0.049839531       0.08988811130157168       0.1937850903060495       
                 0.051231997       0.09036171707530538       0.1961674239027073       
                 0.05190204       0.09070747818084669       0.19627367026638937       
                 0.053238299       0.09076158354033319       0.19717891417903674       
                 0.054344173       0.09041369601713656       0.19689030040679406       
                 0.054742376       0.09050179970345244       0.19661118935407532       
                 0.055448493       0.08996783096280778       0.19657913747607614       
                 0.057264377       0.08933185677277151       0.19357505843833372       
                 0.058136593       0.09083645977907681       0.19725209876634114       
                 0.058394269       0.09054644648437331       0.1967271192151143       
                 0.058943515       0.0903514166152369       0.1961663146876666       
                 0.059501116       0.09016950521168206       0.19573571127017134       
                 0.06192335       0.09030272594989036       0.19616996861476568       
                 0.062994196       0.09039024756546882       0.1966764484572974       
                 0.063034409       0.09079939543950155       0.1972699888961524       
                 0.106858948       0.0903223755318275       0.19580487874981714       
                 0.197168558       0.09053634076432568       0.19703704950269987       
                 0.296470895       0.08805738817849718       0.19775968399190114       
                 0.337705139       0.0903667514165583       0.19630512965879174       
                 0.365314712       0.09015888976526061       0.19587665083469455       
                 0.385505571       0.08697633001220473       0.19755310457929848       
                 0.425743832       0.08943273661130692       0.19477187777978075       
                 0.497105326       0.0900652554510636       0.19559854635678217       
                 0.635106935       0.08989130912522628       0.19490742068821115       
                 0.651939971       0.0897099384209001       0.19461914862442417       
                 0.82505981       0.08910990634257025       0.19362672970188377       
                 0.875783347       0.08866095414025049       0.19278355739468614       
                 0.909460521       0.08834816127641669       0.1921956096274924       
                 0.941210892       0.08669257736783195       0.19404204313339443       
                 0.951834912       0.08864259074842946       0.19265701027111395       
                 1.000953824       0.088255219559635       0.19163738413381015       
                 1.092623831       0.08811935988441776       0.19120622456210204       
                 1.116755118       0.08778260828384887       0.19070932517349362       
                 1.173006012       0.08762725916081719       0.19034515958685036       
                 1.499138663       0.08537821049345319       0.18525432997599553       
                 1.505046234       0.08592801918876518       0.1865656701080767       
                 1.580945678       0.08350524169709572       0.1866836453500218       
                 1.641806726       0.08496459808419189       0.18417876318739382       
                 1.707199402       0.08451839742015832       0.18309172317440173       
                 1.725792083       0.08443263741659551       0.1829844371669636       
                 1.775965814       0.08426857001021458       0.1829990878144805       
                 1.782630826       0.0839838239436407       0.1819829485786336       
                 1.828781867       0.08377786303916365       0.18188902595887224       
                 1.872040165       0.08331496887113352       0.1807997051173938       
                 1.898670679       0.08290262559395291       0.1799082405990795       
                 2.062305274       0.08226361308773682       0.1785277665116814       
                 2.147029076       0.08068228989760612       0.1756967556990005       
                 2.151114147       0.08171054012464227       0.17741717478521582       
                 2.169053528       0.08099975602427567       0.17569996537202426       
                 2.17011959       0.07934006749810206       0.17823071939630528       
                 2.183307322       0.08005157384244113       0.17271925135527857       
                 2.186168356       0.07970183486195301       0.1729384187813545       
                 2.265847889       0.0808746291985544       0.1757914751389075       
                 2.349492308       0.08052497801313942       0.1745473849608518       
                 2.418407686       0.07970455410511405       0.17298818057358248       
                 2.467948074       0.0793673772212067       0.1724160834308574       
                 2.472014358       0.07932274522057534       0.17244950414318122       
                 2.497659221       0.07918206080346078       0.1719564198165181       
                 2.619959658       0.0784049678628102       0.1701525925382279       
                 2.721843871       0.0756489281875453       0.169635611559142       
                 2.819999777       0.07663929948973687       0.1668111609688522       
                 2.955072828       0.07538542780219815       0.16397868088130377       
                 2.98485327       0.07407709233056452       0.16134163599864243       
                 3.019346434       0.07530184193366093       0.16349501497420554       
                 3.04279839       0.07469638201760954       0.16272763067323015       
                 3.065577898       0.07414092047470897       0.16057525803578088       
                 3.14515804       0.07387867750536241       0.16018269436805385       
                 3.230620057       0.07303012665920261       0.1582337625868621       
                 3.252760511       0.07309790275491311       0.15877227083779288       
                 3.261400125       0.07285303071022292       0.15837533725494304       
                 3.309424601       0.06917069542503901       0.1502421817064323       
                 3.347210051       0.07206610200998068       0.15711589123274758       
                 3.402949087       0.07199740146272815       0.15679550752221388       
                 3.432863168       0.07084948293066788       0.15322686314990944       
                 3.521031416       0.0700655289113541       0.15163837347614612       
                 3.590955329       0.07008791996214644       0.1519051862798545       
                 3.605341937       0.06992599983367576       0.15185264071774351       
                 3.617290765       0.07033337144795049       0.15312883111018422       
                 3.66490967       0.07009543853490326       0.15227193318989038       
                 3.673817804       0.06954060038623824       0.15089343125980187       
                 3.759939186       0.06919908272437181       0.15030384032874783       
                 3.810441281       0.06850909636999179       0.14900905428166306       
                 3.933177768       0.06791942093141388       0.1474837469136687       
                 4.165943606       0.06597217981745608       0.1429765320437967       
                 4.195834773       0.06552390965532777       0.1422396226974979       
                 4.270184944       0.06507602394185485       0.14104185045988576       
                 4.338302773       0.06451766091399043       0.14014587463594536       
                 4.432472925       0.06303520456647484       0.1340739468620423       
                 4.435724853       0.06371039144037371       0.13821961487677997       
                 4.497508104       0.06327905217310717       0.13750107992735525       
                 4.503936796       0.06328659575313643       0.1373564377397584       
                 4.509289992       0.06304788516238924       0.1366753764968626       
                 4.522201223       0.062346087871895564       0.13650701524979167       
                 4.549471073       0.06258386902925256       0.13603242413566988       
                 4.581961446       0.0622980404585338       0.1354733472153245       
                 4.675504348       0.06107543477625799       0.13325751513645512       
                 4.684000687       0.06186149605348766       0.13423667259979835       
                 4.763888022       0.060697917794014865       0.13176050617928395       
                 4.795747192       0.06080546794764511       0.13199352555397537       
                 4.935562837       0.0569842693353078       0.13109056687316048       
                 4.988250237       0.05936902280201459       0.12902831694261102       
                 5.105222669       0.058282550722902796       0.12621818732644305       
                 5.165915285       0.05791433613495547       0.12564663467035306       
                 5.186432188       0.05734155622559756       0.12326616642770825       
                 5.205012268       0.057525300874964165       0.12473430041469002       
                 5.25119313       0.057042589076835314       0.12411289598984265       
                 5.375648261       0.055430925479875846       0.120221532592478       
                 5.397164647       0.055873998729381626       0.12136109689488479       
                 5.411298851       0.05591796329658036       0.1214106464819973       
                 5.587515949       0.0525919642530475       0.11922775011169302       
                 5.635594762       0.05405839430697091       0.11737391301773277       
                 5.645197553       0.05390562291392619       0.1162598474965743       
                 5.671277892       0.053667870258360874       0.11655810435961127       
                 5.766614756       0.05294256292680863       0.1150291796014742       
                 5.972876309       0.0512787604424514       0.11126597041953398       
                 6.027058559       0.05107469674370449       0.11088811843025112       
                 6.031248386       0.0510929483286332       0.11089475328394041       
                 6.059597275       0.05062061045064916       0.10992649125066302       
                 6.112614897       0.050165319326991815       0.10878975258732967       
                 6.180383345       0.04944032605792014       0.10757929024258109       
                 6.20737771       0.04960402004101537       0.10729559313904412       
                 6.223104605       0.04709147010652185       0.10831235788389812       
                 6.236516917       0.04941720994512477       0.10742858164745049       
                 6.246466475       0.04936510201150824       0.10702976636870648       
                 6.317643054       0.04878905583479124       0.10591774821631773       
                 6.363751896       0.04846258929922475       0.10458214793325456       
                 6.429930629       0.04793003896028513       0.10325408893146015       
                 6.479034323       0.04754136564882479       0.10314469673920591       
                 6.529828296       0.04710868661453745       0.10221228535784653       
                 6.61463857       0.04614052124613677       0.10050453936643503       
                 6.743620112       0.04515514196784757       0.09798788687216103       
                 6.785877338       0.0453817679720471       0.09826835078554247       
                 6.883798069       0.04435800672317965       0.09623588880520088       
                 6.898512155       0.044194379832557064       0.09510483121808562       
                 7.019586072       0.042481635542503685       0.09265668730098893       
                 7.117780187       0.042650098394691936       0.09267845359071211       
                 7.142998571       0.04241512273063625       0.09228095638572086       
                 7.146492182       0.042640651426415724       0.09256895362651386       
                 7.15729702       0.0424157257998446       0.0920588936486182       
                 7.260954118       0.04131312857439417       0.09002856804701338       
                 7.291764462       0.04123478024675453       0.0893673603101781       
                 7.514119308       0.03993710406008261       0.08676511289406547       
                 7.635439404       0.038915817036877104       0.08452708504058627       
                 7.640285133       0.038928010019514535       0.08477563989709122       
                 7.705807325       0.03868793846624949       0.08405128065158914       
                 7.772913551       0.03187440532795331       0.08369934254971427       
                 7.836308485       0.03768858994102725       0.08191257052242913       
                 7.838787584       0.03766814891339154       0.08183983180139699       
                 7.850665462       0.03762179395315567       0.08159969278206855       
                 7.97024928       0.036448828606337545       0.07916866379339116       
                 7.987118553       0.0357783318020891       0.07904235103495434       
                 7.994048311       0.03663814628611509       0.07963410553615902       
                 8.028823615       0.036369977330945484       0.07918000875276446       
                 8.192290353       0.03492446113714343       0.07591854298203467       
                 8.353763267       0.03421443538283471       0.07422998169517561       
                 8.477437512       0.0334626379765802       0.07260335392854969       
                 8.660701228       0.032210766939312824       0.06982546297295461       
                 8.730691745       0.029198520344995704       0.06974127216440817       
                 8.815051188       0.031159925713590386       0.0677721677073365       
                 8.860422641       0.030903691911763943       0.0669082506415979       
                 8.974878542       0.030209825236759393       0.06559174005905094       
                 9.14671282       0.029229973651174357       0.06345329480155013       
                 9.19675722       0.028829139301066658       0.06271188824981119       
                 9.321293571       0.028078758791133408       0.06075744007131496       
                 9.507977395       0.02700005162498983       0.058682829077239027       
                 9.518747083       0.02678530852641407       0.05863307970315688       
                 9.557805865       0.026697945654236287       0.05788611529086077       
                 9.652519325       0.02311514365934704       0.05662000123606488       
                 9.688674321       0.025752603795020916       0.05615866948716331       
                 9.802530255       0.02492148305239451       0.05413069743110101       
                 9.854926194       0.02475264204129463       0.05400790452102633       
                 9.936373838       0.024282976046180637       0.05282045395694458       
                 10.3224427       0.022361917136913607       0.048609333218328825       
                 10.34079281       0.022289994917059904       0.048179686937665736       
                 10.35355096       0.022067412331145727       0.04792238791155722       
                 10.6353546       0.020614685616645076       0.044694560343357476       
                 10.65980619       0.02036752574387911       0.044336369639561134       
                 10.68770014       0.020347870472665404       0.044280576019731996       
                 10.73246982       0.018987857550232832       0.04230460889082673       
                 10.77976371       0.019592819614637512       0.04223958113320073       
                 11.15143409       0.017873570771233815       0.03890384175826671       
                 11.32119828       0.01662898106919859       0.03753950450154534       
                 11.36495504       0.016926640248459284       0.03686087322592391       
                 11.41839174       0.016637485812797198       0.036194775184622205       
                 11.49528456       0.01629661751948818       0.03535938516406754       
                 11.76894889       0.015077636811075292       0.03260799238407224       
                 11.77949995       0.015076688154164363       0.032463924334570925       
                 11.7879314       0.01509519373906118       0.032399883338112584       
                 11.83548516       0.014270446972959396       0.03140575905263416       
                 11.99394802       0.014034253092158548       0.030483093891562608       
                 12.04874002       0.01371298580138183       0.029924079832749643       
                 12.13426937       0.013455544239589041       0.029147905135073877       
                 12.16373479       0.013190991328867049       0.028721711745413353       
                 12.38241851       0.012376315706462594       0.02696190954070434       
                 12.47180814       0.01194490434540228       0.02602965057711013       
                 12.71115458       0.011017881479650037       0.023860054613666488       
                 12.8781928       0.010409204870952576       0.022743020302140246       
                 13.17890114       0.009174311926495857       0.020104980784120884       
                 13.40607225       0.008491813675010543       0.018553830126600848       
                 13.44459481       0.008338852940676532       0.018167735444073005       
                 13.45031779       0.008335760551338821       0.018045433551686748       
                 13.54857056       0.00797119183300433       0.0174277308131582       
                 13.74654889       0.00749275546366094       0.01592356580636602      
                 13.80344869       0.007287157920548996       0.01583760346717226       
                 13.81653941       0.007151664611527664       0.015533770297756046       
                 13.81993784       0.007109899673157177       0.015514385286913188       
                 13.85672208       0.0069771783263435985       0.015167448649453812       
                 13.90089885       0.006848797048713824       0.015040200967133191       
                 13.90495384       0.006877163114174245       0.015022688269126826       
                 14.23967599       0.0058742418083455854       0.012741832329928347       
                 14.52775027       0.005109424377489037       0.011097923203184997       
                 14.63542826       0.004705177314725812       0.010211083453819518       
                 14.64379012       0.004749365183861643       0.010469062567398388       
                 14.69955413       0.004654432361611265       0.009901449915642478       
                 14.70062886       0.00461352828443298       0.009910693473547264       
                 14.78461422       0.004380890678236089       0.009465253883943502       
                 14.86834514       0.0041816523549219435       0.00908275634762362       
                 14.88075014       0.00416545360894262       0.008877321859545248       
                 14.94834442       0.003942708217302968       0.008466992202611809       
                 15.01752359       0.0038350796286297697       0.0083429582459265       
                 15.17215012       0.003464475997962674       0.007382494525127724       
                 15.2569604       0.0028390943288991305       0.006552069574218385       
                 15.30966583       0.0031161499919493177       0.0069124415596865       
                 15.31754305       0.003068524432232557       0.00681998698657473       
                 15.35685806       0.003027160355386429       0.006727344827197138       
                 15.43939863       0.0028655702989097104       0.0063519295346630466       
                 15.54220386       0.0026965890065697956       0.005857125087771931       
                 15.80592173       0.002249231061052317       0.00492958699388636       
                 15.89105978       0.0020474678254803875       0.004477454755169627       
                 15.91923172       0.00206810697933023       0.0043175831446515605       
                 16.86952736       0.0007228355807200029       0.0015700347379057446       
                 17.1716341       0.0004350431349374448       0.0009360207859177806       
                 17.2204783       0.0003890600519448734       0.0008678971304928124       
                 17.42818807       0.00023844939763088637       0.0005179239200431786       
                 17.62084509       0.00014655056605136486       0.0003315782283019404       
                 17.90661751       8.229662446588521e-05       8.937617535036207e-05       
                 17.97634741       5.6324277641106765e-05       0.00012233912502743834       
                 18.01844545       2.862349607379013e-05       6.217165335358204e-05       
                 18.09070887       0.0       1.2538240792343214e-05       
                 18.1500298       0.0       1.7541709917800724e-05       
                 18.26575728       0.0       0.0       
                 18.63301792       0.0       0.0       
                 18.9381177       0.0       0.0       
                 18.9908015       0.0       0.0       
                 19.19990389       0.0       0.0       
                 19.36838101       0.0       0.0       
                 19.38149377       0.0       0.0       
                 19.48933317       0.0       0.0       
                 19.53730264       0.0       0.0       
                 19.59902217       0.0       0.0       
                 19.91474853       0.0       0.0       
                 20.14498197       0.0       0.0       
                 20.5063628       0.0       0.0       
                 20.87732817       0.0       0.0       
                 21.18296562       0.0       0.0       
                 22.69229782       0.0       0.0       
                 23.0414728       0.0       0.0       
                 23.16972217       0.0       0.0       
                 23.17655654       0.0       0.0       
                 23.24937306       0.0       0.0       
                 23.28648173       0.0       0.0       
                 23.33496148       0.0       0.0       
                 23.51258077       0.0       0.0       
                 23.65410859       0.0       0.0       
                 23.96027986       0.0       0.0       
                 26.72235153       0.0       0.0       
                 27.07850458       0.0       0.0       
                 27.44097269       0.0       0.0       
                 27.45806658       0.0       0.0       
