theta    m1    n1    m2    n2    point_distance
13.5591894706      7      6      9      3    0.0091580175
 7.9024730750      9      5     10      3    0.0055088227
 2.4883067896     14      5     14      4    0.0050938480
 2.2914322948     14      6     14      5    0.0029709091
10.1490677959     15      7     17      3    0.0018497656
 1.0023138875     16     10     15     10    0.0096798028
21.1993276853     17      2     11      9    0.0093720748
 6.0211491697     17      2     15      4    0.0093720748
 3.2186618308     18     11     16     12    0.0046003315
 8.8761013913     18     14     21      9    0.0093648193
 7.9024730750     19      4     16      7    0.0095415609
 7.4277251342     19     12     15     15    0.0039191161
20.5233861991     21     13     28      1    0.0033115726
 6.7823198297     21     20     24     15    0.0056101169
 4.5015871788     23      0     21      2    0.0073264333
15.4337284049     23      3     17     10    0.0056705316
 0.2555498893     23      3     22      3    0.0056705316
18.8079191926     23     14     30      2    0.0035455548
20.7390348829     23     20     33      5    0.0010954740
 2.4883067896     24      9     22     10    0.0088228036
 3.8779229078     24     15     25     12    0.0018452260
 2.8740854350     24     24     25     21    0.0051502766
12.3040930805     24     24     31     14    0.0051502766
10.2273894551     25     20     30     12    0.0090109072
15.5195972000     26      4     19     12    0.0031653350
 2.2914322948     26      8     24      9    0.0051457656
 1.8147440992     27     18     27     16    0.0041724647
12.8074768826     27     18     33      8    0.0041724647
20.4036276451     28      2     19     13    0.0086921094
10.9736199996     28      2     23      8    0.0086921094
 2.3878663767     28     11     28      9    0.0040943623
 2.2914322948     28     12     28     10    0.0059418183
23.9622409672     28     27     43      5    0.0098261135
15.5861522164     29      5     21     14    0.0044544708
 6.9729142651     29      5     25      9    0.0044544708
 6.2006364756     29      5     30      1    0.0044544708
10.1490677959     29      8     23     14    0.0032038881
 0.2555498893     29     20     28     19    0.0098216489
15.4337284049     29     20     37      7    0.0098216489
18.7655096354     29     21     39      5    0.0084451481
 3.5822838551     30     10     27     12    0.0012510685
 9.5912668856     30     10     33      3    0.0012510685
10.1490677959     30     14     34      6    0.0036995313
 3.7119881290     30     23     26     25    0.0057249891
27.4148967470     30     29     48      2    0.0061156547
 0.4074267918     31     17     30     16    0.0099419359
21.9153331181     31     29     46      7    0.0017266158
15.6391922902     32      6     23     16    0.0083851369
 4.8035537062     32     12     28     15    0.0028509934
 2.2914322948     32     22     29     23    0.0078602868
19.4953563972     32     22     43      4    0.0078602868
 6.3072305507     32     29     36     22    0.0076947668
 3.2796738665     33      9     30     11    0.0091126151
 4.9759465128     33      9     34      5    0.0091126151
11.1093036377     33     30     41     18    0.0009931046
17.9452656313     33     30     46     11    0.0009931046
 8.1335584864     34     13     37      6    0.0014269620
11.4245168231     34     15     39      5    0.0084451481
11.0664653202     34     16     25     24    0.0024959901
 4.7489840271     34     21     36     16    0.0020079973
17.9225347678     34     21     44      4    0.0020079973
15.5195972000     34     22     43      7    0.0054825210
20.5580087144     34     33     50     10    0.0088602803
11.2252943072     34     34     43     21    0.0087221216
21.0134518929     35      1     24     15    0.0056101169
 4.2737092799     35     25     37     20    0.0049930570
12.5293296592     35     25     43     12    0.0049930570
18.7404135012     35     28     48      8    0.0075598689
 0.8002640726     36     17     34     17    0.0009532408
 3.2186618308     36     22     32     24    0.0092006629
 4.3505600290     36     23     31     26    0.0048940199
11.6377208961     36     23     43     11    0.0048940199
 9.6655995684     37      3     31     10    0.0024752537
 3.6413284264     37     18     38     14    0.0050502509
14.8497330426     38      3     29     14    0.0053730479
 5.4197253972     38      3     34      7    0.0053730479
 7.4277251342     38     24     30     30    0.0078382322
11.3527300176     38     28     46     15    0.0071783650
16.8617706362     38     28     50      9    0.0071783650
18.3095091617     39      5     27     19    0.0038998554
 3.4772795303     39      5     39      2    0.0038998554
 5.2087189579     39     13     34     17    0.0009532408
12.4853254726     39     20     46      7    0.0017266158
 6.2006364756     39     24     32     29    0.0077153697
 6.9729142651     39     24     43     16    0.0077153697
15.5861522164     39     24     49      7    0.0077153697
 7.3633210241     39     29     44     20    0.0092676007
 3.2186618308     40      7     40      4    0.0079680078
 2.9447474952     40     21     36     23    0.0066283236
10.2015772576     40     27     47     15    0.0008642354
 1.7233804606     40     29     40     26    0.0068409555
 7.5890892578     41      0     36      6    0.0064522484
 5.0399922543     41      2     37      6    0.0014269620
12.2194807536     41      7     32     17    0.0089253696
 5.7903643992     41     14     43      8    0.0050722371
13.1313572116     41     14     47      1    0.0050722371
13.9522689059     41     20     49      5    0.0067288549
 1.9098294435     41     25     41     22    0.0044660072
 2.1566139692     41     35     37     36    0.0038390076
 0.4847269710     42     11     40     11    0.0032991945
 8.0010258575     42     12     45      4    0.0019753130
 7.0091054884     42     16     35     22    0.0078284974
 2.4209021571     42     16     42     13    0.0078284974
 8.0621618149     42     17     34     24    0.0057778174
 2.3552761009     42     17     42     14    0.0057778174
 8.3642591315     42     17     46      8    0.0057778174
 2.2914322948     42     18     42     15    0.0089127274
 5.7692429498     42     23     45     16    0.0044662538
 0.7116389300     42     30     41     28    0.0048886551
 7.4277251342     43      7     45      0    0.0067881082
 6.8663201900     43     16     36     22    0.0076947668
 2.7619035602     43     20     39     22    0.0082403997
 3.7719213841     43     22     38     25    0.0080896902
11.1280010689     43     23     50     10    0.0088602803
 7.6868530159     43     25     34     32    0.0034418912
 5.4866977248     43     25     46     18    0.0034418912
 6.0668778868     43     38     48     29    0.0066694248
 8.5628679303     44     28     50     17    0.0011159030
 5.4197253972     44     35     48     27    0.0093063919
27.1950494673     45      2     26     25    0.0057249891
 4.7245341404     45     10     46      5    0.0011061373
10.8568511332     45     13     35     23    0.0041443626
 5.0399922543     45     39     49     31    0.0024715706
24.0782209868     46      2     29     23    0.0078602868
 2.2914322948     46      2     43      4    0.0078602868
 6.7494191392     46      9     48      2    0.0061156547
15.8098100004     46     15     31     30    0.0027476307
 7.3294431866     46     21     50     12    0.0017236945
 6.3385865153     46     25     38     31    0.0057807779
 2.8025814693     46     34     41     36    0.0015612388
 4.5384113431     46     34     49     27    0.0015612388
 4.5672315211     46     45     50     37    0.0004922255
12.0128147305     47      3     38     14    0.0050502509
20.5233861991     47      8     30     27    0.0057358121
13.7327456868     47     10     35     23    0.0041443626
 4.2946176216     47     13     48      8    0.0075598689
 9.1923156465     47     19     37     28    0.0089989973
12.0953079012     47     20     34     32    0.0034418912
 1.0782428395     47     20     46     18    0.0034418912
 4.0214113501     47     41     50     34    0.0052422367
 3.3094246011     48      7     44     10    0.0000825359
 4.3293952337     48     11     43     15    0.0028880722
 1.1984029001     48     17     47     15    0.0008642354
 3.8779229078     48     30     50     24    0.0036904520
 7.3831863415     49      1     43      8    0.0050722371
15.4795581413     49      7     36     22    0.0076947668
17.5194027535     49      8     34     25    0.0098534174
 1.3706683958     49     13     48     11    0.0008740287
 3.8484371940     49     17     50     12    0.0017236945
 3.4772795303     49     34     43     37    0.0067547476
21.3188506190     50      9     31     30    0.0027476307
 2.3878663767     50     17     46     19    0.0070916435
 9.5912668856     50     20     39     30    0.0021669142
13.2690188567     50     21     35     35    0.0035497813
 5.0616606833     50     24     43     29    0.0077959820
 biggest percentage =    2.5540241964888943E-004
